left:
  orientation:
    w: 0.9999960964103214
    x: -0.0019566752101373426
    y: 0.0
    z: -0.001994639376220852
  position:
    x: -0.45166680323571196
    y: -0.24984649042521914
    z: 0.001362002928472707
right:
  orientation:
    w: 0.9999975340110673
    x: 0.0013106732069877829
    y: 0.0
    z: -0.001792793219754811
  position:
    x: -0.4500218972832194
    y: 0.3014848245326784
    z: 0.0018402019163563047
