left:
  orientation:
    p: -7.805722841203178e-06
    r: -0.003913345132609357
    y: -0.003989273761134108
  position:
    x: -0.45166680323571196
    y: -0.24984649042521914
    z: 0.001362002928472707
right:
  orientation:
    p: 4.699532077712121e-06
    r: 0.0026213429518585443
    y: -0.0035855852804939302
  position:
    x: -0.4500218972832194
    y: 0.3014848245326784
    z: 0.0018402019163563047
